ID:1
q_i:[0]
q_f:[0]
pos_f:[0, 1]
cost:0.298756961604
duration:0.8
swath: [0, 0]; [0, 1]

ID:2
q_i:[0]
q_f:[0]
pos_f:[1, 0]
cost:0.298756961604
duration:0.8
swath: [0, 0]; [1, 0]

ID:3
q_i:[0]
q_f:[0]
pos_f:[-1, 0]
cost:0.298756961604
duration:0.8
swath: [0, 0]; [-1, 0]

ID:4
q_i:[0]
q_f:[0]
pos_f:[0, 0]
cost:0.298756961604
duration:0.8
swath: [0, 0]

